<?xml version="1.0" encoding="utf-8" standalone="no"?><!DOCTYPE svg PUBLIC "-//W3C//DTD SVG 1.1//EN" "http://www.w3.org/Graphics/SVG/1.1/DTD/svg11.dtd">
<svg preserveAspectRatio="xMinYMin meet" width="100%" height="100%" viewBox="0 0 525.000 393.750"  version="1.1" xmlns="http://www.w3.org/2000/svg" xmlns:xlink="http://www.w3.org/1999/xlink">
  <desc>Matlab Figure Converted by PLOT2SVG written by Juerg Schwizer</desc>
  <g id="topgroup">
  <rect x="0" y="0" width="525.000" height="393.750" fill="#ffffff" stroke="none" />
  <g id ="ID000000">
  <clipPath id="ID000001">
    <rect x="68.250" y="29.531" width="406.875" height="320.906"/>
  </clipPath>
    <g>
<g id="ID000002" >
</g>
<g id="ID000003" clip-path="url(#ID000001)" >
      <polygon fill="#ff0000" fill-opacity="0.30" stroke="#000000" stroke-width="0.5pt" stroke-opacity="1.00" stroke-dasharray="none" points="301.988,189.977 301.887,185.921 301.582,181.875 301.077,177.849 300.370,173.853 299.465,169.898 298.363,165.993 297.067,162.148 295.581,158.372 293.908,154.676 292.053,151.067 290.019,147.556 287.812,144.151 285.438,140.861 282.903,137.693 280.212,134.656 277.373,131.757 274.392,129.004 271.278,126.403 268.037,123.961 264.679,121.684 261.211,119.578 257.642,117.647 253.981,115.898 250.237,114.333 246.420,112.958 242.538,111.775 238.603,110.788 234.623,109.999 230.608,109.409 226.569,109.021 222.516,108.835 218.458,108.852 214.407,109.072 210.371,109.494 206.362,110.117 202.388,110.940 198.461,111.961 194.590,113.176 190.784,114.583 187.054,116.179 183.408,117.959 179.855,119.920 176.405,122.055 173.065,124.360 169.846,126.829 166.753,129.456 163.796,132.234 160.981,135.157 158.316,138.217 155.807,141.406 153.461,144.716 151.283,148.139 149.279,151.668 147.454,155.291 145.812,159.002 144.358,162.790 143.094,166.646 142.025,170.560 141.153,174.523 140.481,178.524 140.009,182.554 139.738,186.603 139.671,190.660 139.807,194.715 140.145,198.759 140.684,202.780 141.424,206.770 142.363,210.717 143.498,214.613 144.825,218.447 146.343,222.210 148.047,225.892 149.933,229.485 151.996,232.979 154.232,236.365 156.633,239.636 159.195,242.782 161.912,245.796 164.775,248.671 167.779,251.399 170.915,253.974 174.176,256.389 177.553,258.637 181.039,260.714 184.624,262.615 188.299,264.333 192.056,265.866 195.885,267.209 199.776,268.359 203.720,269.314 207.707,270.070 211.726,270.625 215.768,270.979 219.823,271.131 223.880,271.080 227.930,270.826 231.961,270.370 235.965,269.713 239.932,268.857 243.850,267.804 247.711,266.556 251.505,265.116 255.222,263.489 258.853,261.678 262.389,259.688 265.821,257.524 269.141,255.191 272.340,252.695 275.410,250.042 278.344,247.239 281.134,244.293 283.773,241.211 286.255,238.001 288.573,234.671 290.722,231.229 292.697,227.684 294.491,224.045 296.102,220.321 297.525,216.521 298.755,212.655 299.791,208.732 300.630,204.762 301.269,200.755 301.707,196.721 301.943,192.670 "/>
</g>
<g id="ID000004" clip-path="url(#ID000001)" >
      <polygon fill="#ffff00" fill-opacity="0.30" stroke="#000000" stroke-width="0.5pt" stroke-opacity="1.00" stroke-dasharray="none" points="414.352,189.977 414.228,185.010 413.855,180.054 413.236,175.123 412.371,170.230 411.262,165.385 409.912,160.603 408.326,155.893 406.505,151.269 404.456,146.742 402.184,142.323 399.693,138.022 396.990,133.852 394.083,129.822 390.977,125.942 387.682,122.222 384.205,118.672 380.554,115.300 376.740,112.115 372.771,109.124 368.658,106.335 364.411,103.756 360.039,101.391 355.556,99.249 350.970,97.333 346.295,95.648 341.541,94.200 336.721,92.990 331.847,92.024 326.930,91.302 321.983,90.826 317.019,90.599 312.050,90.620 307.087,90.889 302.145,91.406 297.234,92.169 292.368,93.177 287.558,94.427 282.817,95.915 278.156,97.639 273.587,99.593 269.121,101.774 264.770,104.174 260.545,106.790 256.455,109.613 252.511,112.637 248.724,115.854 245.102,119.257 241.655,122.836 238.391,126.584 235.318,130.489 232.445,134.544 229.777,138.737 227.323,143.058 225.087,147.496 223.076,152.040 221.295,156.680 219.748,161.402 218.439,166.196 217.371,171.049 216.547,175.950 215.969,180.886 215.638,185.844 215.555,190.813 215.721,195.780 216.135,200.732 216.796,205.657 217.703,210.544 218.852,215.378 220.242,220.149 221.868,224.845 223.727,229.454 225.814,233.964 228.124,238.364 230.651,242.643 233.388,246.791 236.330,250.796 239.468,254.650 242.794,258.341 246.301,261.862 249.980,265.204 253.821,268.357 257.814,271.314 261.951,274.068 266.220,276.612 270.611,278.939 275.112,281.044 279.714,282.922 284.403,284.567 289.169,285.975 293.999,287.144 298.881,288.070 303.804,288.750 308.755,289.184 313.721,289.370 318.690,289.307 323.649,288.996 328.587,288.438 333.491,287.633 338.349,286.585 343.148,285.295 347.877,283.766 352.523,282.003 357.075,280.011 361.523,277.793 365.853,275.356 370.057,272.705 374.123,269.847 378.040,266.790 381.801,263.541 385.394,260.108 388.811,256.500 392.043,252.725 395.083,248.794 397.922,244.716 400.555,240.500 402.973,236.159 405.171,231.702 407.143,227.141 408.886,222.487 410.393,217.751 411.662,212.947 412.689,208.084 413.472,203.177 414.008,198.237 414.297,193.275 "/>
</g>
<g id="ID000005" clip-path="url(#ID000001)" >
      <polygon fill="#00ffff" fill-opacity="0.30" stroke="#000000" stroke-width="0.5pt" stroke-opacity="1.00" stroke-dasharray="none" points="408.167,175.388 408.068,171.434 407.772,167.490 407.279,163.566 406.590,159.672 405.708,155.817 404.634,152.011 403.371,148.263 401.923,144.583 400.292,140.980 398.483,137.463 396.501,134.041 394.350,130.722 392.036,127.514 389.565,124.427 386.942,121.467 384.175,118.641 381.270,115.958 378.235,113.423 375.076,111.043 371.803,108.823 368.422,106.770 364.944,104.889 361.376,103.184 357.726,101.659 354.006,100.318 350.223,99.166 346.387,98.203 342.507,97.434 338.595,96.859 334.658,96.481 330.707,96.300 326.752,96.317 322.803,96.531 318.870,96.942 314.962,97.550 311.089,98.352 307.262,99.346 303.488,100.531 299.779,101.902 296.143,103.458 292.589,105.193 289.126,107.104 285.764,109.185 282.509,111.432 279.371,113.838 276.357,116.399 273.474,119.107 270.731,121.955 268.133,124.937 265.688,128.046 263.401,131.272 261.278,134.609 259.325,138.048 257.546,141.580 255.945,145.196 254.528,148.888 253.297,152.647 252.255,156.462 251.405,160.324 250.749,164.224 250.289,168.152 250.026,172.098 249.960,176.053 250.092,180.005 250.422,183.946 250.948,187.866 251.669,191.755 252.584,195.602 253.690,199.399 254.984,203.136 256.463,206.804 258.124,210.393 259.963,213.895 261.973,217.300 264.152,220.601 266.493,223.788 268.990,226.855 271.637,229.793 274.428,232.595 277.356,235.254 280.413,237.764 283.591,240.117 286.883,242.309 290.280,244.333 293.775,246.186 297.357,247.861 301.019,249.355 304.751,250.664 308.543,251.785 312.387,252.715 316.273,253.452 320.190,253.993 324.130,254.338 328.082,254.486 332.037,254.436 335.984,254.189 339.914,253.745 343.816,253.104 347.682,252.270 351.501,251.243 355.264,250.027 358.962,248.624 362.585,247.038 366.124,245.273 369.571,243.333 372.916,241.224 376.152,238.950 379.269,236.517 382.262,233.931 385.121,231.199 387.841,228.328 390.413,225.324 392.832,222.195 395.092,218.949 397.187,215.595 399.111,212.140 400.860,208.593 402.430,204.963 403.817,201.259 405.016,197.491 406.026,193.667 406.843,189.798 407.466,185.892 407.893,181.960 408.123,178.012 "/>
</g>
<g id="ID000006" clip-path="url(#ID000001)" >
      <polygon fill="#ff0000" fill-opacity="0.30" stroke="#000000" stroke-width="0.5pt" stroke-opacity="1.00" stroke-dasharray="none" points="129.281,149.290 129.269,148.782 129.230,148.274 129.167,147.770 129.078,147.269 128.965,146.773 128.827,146.284 128.665,145.802 128.478,145.329 128.269,144.866 128.036,144.413 127.781,143.973 127.505,143.546 127.207,143.134 126.889,142.737 126.552,142.356 126.196,141.993 125.823,141.648 125.432,141.322 125.026,141.016 124.605,140.731 124.171,140.467 123.723,140.225 123.264,140.005 122.795,139.809 122.317,139.637 121.830,139.489 121.337,139.365 120.838,139.266 120.335,139.192 119.829,139.144 119.321,139.120 118.812,139.122 118.305,139.150 117.799,139.203 117.296,139.281 116.798,139.384 116.306,139.512 115.821,139.664 115.344,139.841 114.876,140.041 114.419,140.264 113.974,140.509 113.542,140.777 113.123,141.066 112.720,141.375 112.332,141.705 111.961,142.053 111.609,142.419 111.275,142.803 110.960,143.202 110.666,143.617 110.393,144.046 110.142,144.489 109.913,144.943 109.707,145.408 109.525,145.882 109.367,146.366 109.233,146.856 109.124,147.353 109.039,147.854 108.980,148.360 108.946,148.867 108.938,149.375 108.955,149.884 108.997,150.390 109.065,150.895 109.158,151.395 109.275,151.889 109.417,152.378 109.584,152.858 109.774,153.330 109.988,153.791 110.224,154.241 110.483,154.679 110.763,155.104 111.064,155.514 111.385,155.908 111.725,156.286 112.084,156.646 112.461,156.988 112.854,157.311 113.262,157.613 113.686,157.895 114.123,158.156 114.572,158.394 115.032,158.609 115.503,158.801 115.983,158.970 116.471,159.114 116.965,159.233 117.465,159.328 117.969,159.398 118.475,159.442 118.983,159.461 119.492,159.455 119.999,159.423 120.505,159.366 121.007,159.283 121.504,159.176 121.995,159.044 122.479,158.888 122.954,158.707 123.420,158.503 123.875,158.276 124.318,158.027 124.748,157.756 125.164,157.463 125.565,157.150 125.950,156.818 126.318,156.467 126.668,156.097 126.998,155.711 127.309,155.309 127.600,154.891 127.869,154.460 128.117,154.016 128.342,153.560 128.544,153.093 128.722,152.617 128.876,152.132 129.006,151.640 129.111,151.143 129.191,150.641 129.246,150.135 129.276,149.627 "/>
</g>
<g id="ID000007" >
  <g transform="translate(134.367,153.509)">
    <g transform="rotate(-0.0)">
      <text x="0.000" y="0.000" font-family="Helvetica" text-anchor="start" font-size="9pt" fill="#000000" ><tspan>H</tspan><tspan dy="3.8pt" font-size="7pt">S</tspan><tspan dy="-3.8pt" font-size="9pt"></tspan></text>
    </g>
  </g>
</g>
<g id="ID000008" clip-path="url(#ID000001)" >
      <polygon fill="#ffff00" fill-opacity="0.30" stroke="#000000" stroke-width="0.5pt" stroke-opacity="1.00" stroke-dasharray="none" points="129.281,169.634 129.269,169.125 129.230,168.618 129.167,168.114 129.078,167.613 128.965,167.117 128.827,166.628 128.665,166.146 128.478,165.673 128.269,165.209 128.036,164.757 127.781,164.317 127.505,163.890 127.207,163.478 126.889,163.081 126.552,162.700 126.196,162.337 125.823,161.992 125.432,161.666 125.026,161.360 124.605,161.074 124.171,160.810 123.723,160.568 123.264,160.349 122.795,160.153 122.317,159.981 121.830,159.832 121.337,159.709 120.838,159.610 120.335,159.536 119.829,159.487 119.321,159.464 118.812,159.466 118.305,159.494 117.799,159.547 117.296,159.625 116.798,159.728 116.306,159.856 115.821,160.008 115.344,160.184 114.876,160.384 114.419,160.608 113.974,160.853 113.542,161.121 113.123,161.410 112.720,161.719 112.332,162.048 111.961,162.397 111.609,162.763 111.275,163.146 110.960,163.546 110.666,163.961 110.393,164.390 110.142,164.832 109.913,165.286 109.707,165.751 109.525,166.226 109.367,166.710 109.233,167.200 109.124,167.697 109.039,168.198 108.980,168.703 108.946,169.211 108.938,169.719 108.955,170.227 108.997,170.734 109.065,171.238 109.158,171.738 109.275,172.233 109.417,172.721 109.584,173.202 109.774,173.673 109.988,174.135 110.224,174.585 110.483,175.023 110.763,175.448 111.064,175.857 111.385,176.252 111.725,176.630 112.084,176.990 112.461,177.332 112.854,177.654 113.262,177.957 113.686,178.239 114.123,178.499 114.572,178.737 115.032,178.953 115.503,179.145 115.983,179.313 116.471,179.457 116.965,179.577 117.465,179.672 117.969,179.741 118.475,179.786 118.983,179.805 119.492,179.798 119.999,179.767 120.505,179.709 121.007,179.627 121.504,179.520 121.995,179.388 122.479,179.231 122.954,179.051 123.420,178.847 123.875,178.620 124.318,178.371 124.748,178.099 125.164,177.807 125.565,177.494 125.950,177.162 126.318,176.810 126.668,176.441 126.998,176.055 127.309,175.653 127.600,175.235 127.869,174.804 128.117,174.360 128.342,173.903 128.544,173.437 128.722,172.960 128.876,172.476 129.006,171.984 129.111,171.487 129.191,170.984 129.246,170.479 129.276,169.971 "/>
</g>
<g id="ID000009" >
  <g transform="translate(134.367,173.852)">
    <g transform="rotate(-0.0)">
      <text x="0.000" y="0.000" font-family="Helvetica" text-anchor="start" font-size="9pt" fill="#000000" ><tspan>H</tspan><tspan dy="3.8pt" font-size="7pt">F</tspan><tspan dy="-3.8pt" font-size="9pt"></tspan></text>
    </g>
  </g>
</g>
<g id="ID000010" clip-path="url(#ID000001)" >
      <polygon fill="#00ffff" fill-opacity="0.30" stroke="#000000" stroke-width="0.5pt" stroke-opacity="1.00" stroke-dasharray="none" points="129.281,189.977 129.269,189.469 129.230,188.962 129.167,188.457 129.078,187.957 128.965,187.461 128.827,186.971 128.665,186.490 128.478,186.016 128.269,185.553 128.036,185.101 127.781,184.661 127.505,184.234 127.207,183.822 126.889,183.425 126.552,183.044 126.196,182.681 125.823,182.336 125.432,182.010 125.026,181.703 124.605,181.418 124.171,181.154 123.723,180.912 123.264,180.693 122.795,180.497 122.317,180.324 121.830,180.176 121.337,180.053 120.838,179.954 120.335,179.880 119.829,179.831 119.321,179.808 118.812,179.810 118.305,179.837 117.799,179.890 117.296,179.968 116.798,180.072 116.306,180.199 115.821,180.352 115.344,180.528 114.876,180.728 114.419,180.951 113.974,181.197 113.542,181.465 113.123,181.754 112.720,182.063 112.332,182.392 111.961,182.740 111.609,183.107 111.275,183.490 110.960,183.890 110.666,184.305 110.393,184.734 110.142,185.176 109.913,185.630 109.707,186.095 109.525,186.570 109.367,187.053 109.233,187.544 109.124,188.040 109.039,188.542 108.980,189.047 108.946,189.554 108.938,190.063 108.955,190.571 108.997,191.078 109.065,191.582 109.158,192.082 109.275,192.577 109.417,193.065 109.584,193.546 109.774,194.017 109.988,194.479 110.224,194.929 110.483,195.367 110.763,195.791 111.064,196.201 111.385,196.596 111.725,196.973 112.084,197.334 112.461,197.676 112.854,197.998 113.262,198.301 113.686,198.583 114.123,198.843 114.572,199.081 115.032,199.297 115.503,199.489 115.983,199.657 116.471,199.801 116.965,199.921 117.465,200.015 117.969,200.085 118.475,200.130 118.983,200.149 119.492,200.142 119.999,200.110 120.505,200.053 121.007,199.971 121.504,199.864 121.995,199.732 122.479,199.575 122.954,199.395 123.420,199.191 123.875,198.964 124.318,198.714 124.748,198.443 125.164,198.151 125.565,197.838 125.950,197.505 126.318,197.154 126.668,196.785 126.998,196.399 127.309,195.996 127.600,195.579 127.869,195.148 128.117,194.703 128.342,194.247 128.544,193.780 128.722,193.304 128.876,192.820 129.006,192.328 129.111,191.830 129.191,191.328 129.246,190.823 129.276,190.315 "/>
</g>
<g id="ID000011" >
  <g transform="translate(134.367,194.196)">
    <g transform="rotate(-0.0)">
      <text x="0.000" y="0.000" font-family="Helvetica" text-anchor="start" font-size="9pt" fill="#000000" ><tspan>H</tspan><tspan dy="3.8pt" font-size="7pt">F</tspan><tspan dy="-3.8pt" font-size="9pt"></tspan><tspan dy="3.8pt" font-size="7pt">c</tspan><tspan dy="-3.8pt" font-size="9pt"></tspan></text>
    </g>
  </g>
</g>
<g id="ID000012" clip-path="url(#ID000001)" >
      <polygon fill="#ff0000" fill-opacity="0.30" stroke="#000000" stroke-width="0.5pt" stroke-opacity="1.00" stroke-dasharray="none" points="129.281,210.321 129.269,209.813 129.230,209.306 129.167,208.801 129.078,208.300 128.965,207.805 128.827,207.315 128.665,206.833 128.478,206.360 128.269,205.897 128.036,205.445 127.781,205.004 127.505,204.578 127.207,204.165 126.889,203.768 126.552,203.388 126.196,203.024 125.823,202.679 125.432,202.353 125.026,202.047 124.605,201.762 124.171,201.498 123.723,201.256 123.264,201.037 122.795,200.841 122.317,200.668 121.830,200.520 121.337,200.396 120.838,200.297 120.335,200.223 119.829,200.175 119.321,200.152 118.812,200.154 118.305,200.181 117.799,200.234 117.296,200.312 116.798,200.415 116.306,200.543 115.821,200.696 115.344,200.872 114.876,201.072 114.419,201.295 113.974,201.541 113.542,201.808 113.123,202.097 112.720,202.407 112.332,202.736 111.961,203.084 111.609,203.450 111.275,203.834 110.960,204.234 110.666,204.649 110.393,205.078 110.142,205.520 109.913,205.974 109.707,206.439 109.525,206.914 109.367,207.397 109.233,207.888 109.124,208.384 109.039,208.886 108.980,209.391 108.946,209.898 108.938,210.407 108.955,210.915 108.997,211.422 109.065,211.926 109.158,212.426 109.275,212.921 109.417,213.409 109.584,213.889 109.774,214.361 109.988,214.822 110.224,215.273 110.483,215.711 110.763,216.135 111.064,216.545 111.385,216.939 111.725,217.317 112.084,217.677 112.461,218.019 112.854,218.342 113.262,218.645 113.686,218.926 114.123,219.187 114.572,219.425 115.032,219.640 115.503,219.832 115.983,220.001 116.471,220.145 116.965,220.265 117.465,220.359 117.969,220.429 118.475,220.473 118.983,220.492 119.492,220.486 119.999,220.454 120.505,220.397 121.007,220.315 121.504,220.207 121.995,220.075 122.479,219.919 122.954,219.738 123.420,219.535 123.875,219.308 124.318,219.058 124.748,218.787 125.164,218.494 125.565,218.182 125.950,217.849 126.318,217.498 126.668,217.129 126.998,216.742 127.309,216.340 127.600,215.923 127.869,215.491 128.117,215.047 128.342,214.591 128.544,214.124 128.722,213.648 128.876,213.163 129.006,212.672 129.111,212.174 129.191,211.672 129.246,211.166 129.276,210.659 "/>
</g>
<g id="ID000013" >
  <g transform="translate(134.367,214.540)">
    <g transform="rotate(-0.0)">
      <text x="0.000" y="0.000" font-family="Helvetica" text-anchor="start" font-size="9pt" fill="#000000" >T(S,F)</text>
    </g>
  </g>
</g>
<g id="ID000014" clip-path="url(#ID000001)" >
      <polygon fill="#ffff00" fill-opacity="0.30" stroke="#000000" stroke-width="0.5pt" stroke-opacity="1.00" stroke-dasharray="none" points="129.281,210.321 129.269,209.813 129.230,209.306 129.167,208.801 129.078,208.300 128.965,207.805 128.827,207.315 128.665,206.833 128.478,206.360 128.269,205.897 128.036,205.445 127.781,205.004 127.505,204.578 127.207,204.165 126.889,203.768 126.552,203.388 126.196,203.024 125.823,202.679 125.432,202.353 125.026,202.047 124.605,201.762 124.171,201.498 123.723,201.256 123.264,201.037 122.795,200.841 122.317,200.668 121.830,200.520 121.337,200.396 120.838,200.297 120.335,200.223 119.829,200.175 119.321,200.152 118.812,200.154 118.305,200.181 117.799,200.234 117.296,200.312 116.798,200.415 116.306,200.543 115.821,200.696 115.344,200.872 114.876,201.072 114.419,201.295 113.974,201.541 113.542,201.808 113.123,202.097 112.720,202.407 112.332,202.736 111.961,203.084 111.609,203.450 111.275,203.834 110.960,204.234 110.666,204.649 110.393,205.078 110.142,205.520 109.913,205.974 109.707,206.439 109.525,206.914 109.367,207.397 109.233,207.888 109.124,208.384 109.039,208.886 108.980,209.391 108.946,209.898 108.938,210.407 108.955,210.915 108.997,211.422 109.065,211.926 109.158,212.426 109.275,212.921 109.417,213.409 109.584,213.889 109.774,214.361 109.988,214.822 110.224,215.273 110.483,215.711 110.763,216.135 111.064,216.545 111.385,216.939 111.725,217.317 112.084,217.677 112.461,218.019 112.854,218.342 113.262,218.645 113.686,218.926 114.123,219.187 114.572,219.425 115.032,219.640 115.503,219.832 115.983,220.001 116.471,220.145 116.965,220.265 117.465,220.359 117.969,220.429 118.475,220.473 118.983,220.492 119.492,220.486 119.999,220.454 120.505,220.397 121.007,220.315 121.504,220.207 121.995,220.075 122.479,219.919 122.954,219.738 123.420,219.535 123.875,219.308 124.318,219.058 124.748,218.787 125.164,218.494 125.565,218.182 125.950,217.849 126.318,217.498 126.668,217.129 126.998,216.742 127.309,216.340 127.600,215.923 127.869,215.491 128.117,215.047 128.342,214.591 128.544,214.124 128.722,213.648 128.876,213.163 129.006,212.672 129.111,212.174 129.191,211.672 129.246,211.166 129.276,210.659 "/>
</g>
<g id="ID000015" >
</g>
<g id="ID000016" clip-path="url(#ID000001)" >
      <polygon fill="#ff0000" fill-opacity="0.30" stroke="#000000" stroke-width="0.5pt" stroke-opacity="1.00" stroke-dasharray="none" points="129.281,230.665 129.269,230.157 129.230,229.649 129.167,229.145 129.078,228.644 128.965,228.148 128.827,227.659 128.665,227.177 128.478,226.704 128.269,226.241 128.036,225.788 127.781,225.348 127.505,224.921 127.207,224.509 126.889,224.112 126.552,223.731 126.196,223.368 125.823,223.023 125.432,222.697 125.026,222.391 124.605,222.106 124.171,221.842 123.723,221.600 123.264,221.380 122.795,221.184 122.317,221.012 121.830,220.864 121.337,220.740 120.838,220.641 120.335,220.567 119.829,220.519 119.321,220.495 118.812,220.497 118.305,220.525 117.799,220.578 117.296,220.656 116.798,220.759 116.306,220.887 115.821,221.039 115.344,221.216 114.876,221.416 114.419,221.639 113.974,221.884 113.542,222.152 113.123,222.441 112.720,222.750 112.332,223.080 111.961,223.428 111.609,223.794 111.275,224.178 110.960,224.577 110.666,224.992 110.393,225.421 110.142,225.864 109.913,226.318 109.707,226.783 109.525,227.257 109.367,227.741 109.233,228.231 109.124,228.728 109.039,229.229 108.980,229.735 108.946,230.242 108.938,230.750 108.955,231.259 108.997,231.765 109.065,232.270 109.158,232.770 109.275,233.264 109.417,233.753 109.584,234.233 109.774,234.705 109.988,235.166 110.224,235.616 110.483,236.054 110.763,236.479 111.064,236.889 111.385,237.283 111.725,237.661 112.084,238.021 112.461,238.363 112.854,238.686 113.262,238.988 113.686,239.270 114.123,239.531 114.572,239.769 115.032,239.984 115.503,240.176 115.983,240.345 116.471,240.489 116.965,240.608 117.465,240.703 117.969,240.773 118.475,240.817 118.983,240.836 119.492,240.830 119.999,240.798 120.505,240.741 121.007,240.658 121.504,240.551 121.995,240.419 122.479,240.263 122.954,240.082 123.420,239.878 123.875,239.651 124.318,239.402 124.748,239.131 125.164,238.838 125.565,238.525 125.950,238.193 126.318,237.842 126.668,237.472 126.998,237.086 127.309,236.684 127.600,236.266 127.869,235.835 128.117,235.391 128.342,234.935 128.544,234.468 128.722,233.992 128.876,233.507 129.006,233.015 129.111,232.518 129.191,232.016 129.246,231.510 129.276,231.002 "/>
</g>
<g id="ID000017" >
  <g transform="translate(134.367,234.884)">
    <g transform="rotate(-0.0)">
      <text x="0.000" y="0.000" font-family="Helvetica" text-anchor="start" font-size="9pt" fill="#000000" >hoi13</text>
    </g>
  </g>
</g>
<g id="ID000018" clip-path="url(#ID000001)" >
      <polygon fill="#00ffff" fill-opacity="0.30" stroke="#000000" stroke-width="0.5pt" stroke-opacity="1.00" stroke-dasharray="none" points="129.281,230.665 129.269,230.157 129.230,229.649 129.167,229.145 129.078,228.644 128.965,228.148 128.827,227.659 128.665,227.177 128.478,226.704 128.269,226.241 128.036,225.788 127.781,225.348 127.505,224.921 127.207,224.509 126.889,224.112 126.552,223.731 126.196,223.368 125.823,223.023 125.432,222.697 125.026,222.391 124.605,222.106 124.171,221.842 123.723,221.600 123.264,221.380 122.795,221.184 122.317,221.012 121.830,220.864 121.337,220.740 120.838,220.641 120.335,220.567 119.829,220.519 119.321,220.495 118.812,220.497 118.305,220.525 117.799,220.578 117.296,220.656 116.798,220.759 116.306,220.887 115.821,221.039 115.344,221.216 114.876,221.416 114.419,221.639 113.974,221.884 113.542,222.152 113.123,222.441 112.720,222.750 112.332,223.080 111.961,223.428 111.609,223.794 111.275,224.178 110.960,224.577 110.666,224.992 110.393,225.421 110.142,225.864 109.913,226.318 109.707,226.783 109.525,227.257 109.367,227.741 109.233,228.231 109.124,228.728 109.039,229.229 108.980,229.735 108.946,230.242 108.938,230.750 108.955,231.259 108.997,231.765 109.065,232.270 109.158,232.770 109.275,233.264 109.417,233.753 109.584,234.233 109.774,234.705 109.988,235.166 110.224,235.616 110.483,236.054 110.763,236.479 111.064,236.889 111.385,237.283 111.725,237.661 112.084,238.021 112.461,238.363 112.854,238.686 113.262,238.988 113.686,239.270 114.123,239.531 114.572,239.769 115.032,239.984 115.503,240.176 115.983,240.345 116.471,240.489 116.965,240.608 117.465,240.703 117.969,240.773 118.475,240.817 118.983,240.836 119.492,240.830 119.999,240.798 120.505,240.741 121.007,240.658 121.504,240.551 121.995,240.419 122.479,240.263 122.954,240.082 123.420,239.878 123.875,239.651 124.318,239.402 124.748,239.131 125.164,238.838 125.565,238.525 125.950,238.193 126.318,237.842 126.668,237.472 126.998,237.086 127.309,236.684 127.600,236.266 127.869,235.835 128.117,235.391 128.342,234.935 128.544,234.468 128.722,233.992 128.876,233.507 129.006,233.015 129.111,232.518 129.191,232.016 129.246,231.510 129.276,231.002 "/>
</g>
<g id="ID000019" >
</g>
<g id="ID000020" clip-path="url(#ID000001)" >
      <polygon fill="#ffff00" fill-opacity="0.30" stroke="#000000" stroke-width="0.5pt" stroke-opacity="1.00" stroke-dasharray="none" points="129.281,251.009 129.269,250.500 129.230,249.993 129.167,249.489 129.078,248.988 128.965,248.492 128.827,248.003 128.665,247.521 128.478,247.048 128.269,246.584 128.036,246.132 127.781,245.692 127.505,245.265 127.207,244.853 126.889,244.456 126.552,244.075 126.196,243.712 125.823,243.367 125.432,243.041 125.026,242.735 124.605,242.449 124.171,242.185 123.723,241.943 123.264,241.724 122.795,241.528 122.317,241.356 121.830,241.207 121.337,241.084 120.838,240.985 120.335,240.911 119.829,240.862 119.321,240.839 118.812,240.841 118.305,240.869 117.799,240.922 117.296,241.000 116.798,241.103 116.306,241.231 115.821,241.383 115.344,241.559 114.876,241.759 114.419,241.983 113.974,242.228 113.542,242.496 113.123,242.785 112.720,243.094 112.332,243.423 111.961,243.772 111.609,244.138 111.275,244.521 110.960,244.921 110.666,245.336 110.393,245.765 110.142,246.207 109.913,246.661 109.707,247.126 109.525,247.601 109.367,248.085 109.233,248.575 109.124,249.072 109.039,249.573 108.980,250.078 108.946,250.586 108.938,251.094 108.955,251.602 108.997,252.109 109.065,252.613 109.158,253.113 109.275,253.608 109.417,254.096 109.584,254.577 109.774,255.048 109.988,255.510 110.224,255.960 110.483,256.398 110.763,256.823 111.064,257.232 111.385,257.627 111.725,258.005 112.084,258.365 112.461,258.707 112.854,259.029 113.262,259.332 113.686,259.614 114.123,259.874 114.572,260.112 115.032,260.328 115.503,260.520 115.983,260.688 116.471,260.832 116.965,260.952 117.465,261.047 117.969,261.116 118.475,261.161 118.983,261.180 119.492,261.173 119.999,261.142 120.505,261.084 121.007,261.002 121.504,260.895 121.995,260.763 122.479,260.606 122.954,260.426 123.420,260.222 123.875,259.995 124.318,259.746 124.748,259.474 125.164,259.182 125.565,258.869 125.950,258.537 126.318,258.185 126.668,257.816 126.998,257.430 127.309,257.028 127.600,256.610 127.869,256.179 128.117,255.735 128.342,255.278 128.544,254.812 128.722,254.335 128.876,253.851 129.006,253.359 129.111,252.862 129.191,252.359 129.246,251.854 129.276,251.346 "/>
</g>
<g id="ID000021" >
  <g transform="translate(134.367,255.227)">
    <g transform="rotate(-0.0)">
      <text x="0.000" y="0.000" font-family="Helvetica" text-anchor="start" font-size="9pt" fill="#000000" >hoi23</text>
    </g>
  </g>
</g>
<g id="ID000022" clip-path="url(#ID000001)" >
      <polygon fill="#00ffff" fill-opacity="0.30" stroke="#000000" stroke-width="0.5pt" stroke-opacity="1.00" stroke-dasharray="none" points="129.281,251.009 129.269,250.500 129.230,249.993 129.167,249.489 129.078,248.988 128.965,248.492 128.827,248.003 128.665,247.521 128.478,247.048 128.269,246.584 128.036,246.132 127.781,245.692 127.505,245.265 127.207,244.853 126.889,244.456 126.552,244.075 126.196,243.712 125.823,243.367 125.432,243.041 125.026,242.735 124.605,242.449 124.171,242.185 123.723,241.943 123.264,241.724 122.795,241.528 122.317,241.356 121.830,241.207 121.337,241.084 120.838,240.985 120.335,240.911 119.829,240.862 119.321,240.839 118.812,240.841 118.305,240.869 117.799,240.922 117.296,241.000 116.798,241.103 116.306,241.231 115.821,241.383 115.344,241.559 114.876,241.759 114.419,241.983 113.974,242.228 113.542,242.496 113.123,242.785 112.720,243.094 112.332,243.423 111.961,243.772 111.609,244.138 111.275,244.521 110.960,244.921 110.666,245.336 110.393,245.765 110.142,246.207 109.913,246.661 109.707,247.126 109.525,247.601 109.367,248.085 109.233,248.575 109.124,249.072 109.039,249.573 108.980,250.078 108.946,250.586 108.938,251.094 108.955,251.602 108.997,252.109 109.065,252.613 109.158,253.113 109.275,253.608 109.417,254.096 109.584,254.577 109.774,255.048 109.988,255.510 110.224,255.960 110.483,256.398 110.763,256.823 111.064,257.232 111.385,257.627 111.725,258.005 112.084,258.365 112.461,258.707 112.854,259.029 113.262,259.332 113.686,259.614 114.123,259.874 114.572,260.112 115.032,260.328 115.503,260.520 115.983,260.688 116.471,260.832 116.965,260.952 117.465,261.047 117.969,261.116 118.475,261.161 118.983,261.180 119.492,261.173 119.999,261.142 120.505,261.084 121.007,261.002 121.504,260.895 121.995,260.763 122.479,260.606 122.954,260.426 123.420,260.222 123.875,259.995 124.318,259.746 124.748,259.474 125.164,259.182 125.565,258.869 125.950,258.537 126.318,258.185 126.668,257.816 126.998,257.430 127.309,257.028 127.600,256.610 127.869,256.179 128.117,255.735 128.342,255.278 128.544,254.812 128.722,254.335 128.876,253.851 129.006,253.359 129.111,252.862 129.191,252.359 129.246,251.854 129.276,251.346 "/>
</g>
<g id="ID000023" >
</g>
<g id="ID000024" clip-path="url(#ID000001)" >
      <polygon fill="#ff0000" fill-opacity="0.30" stroke="#000000" stroke-width="0.5pt" stroke-opacity="1.00" stroke-dasharray="none" points="129.281,271.352 129.269,270.844 129.230,270.337 129.167,269.832 129.078,269.332 128.965,268.836 128.827,268.346 128.665,267.865 128.478,267.391 128.269,266.928 128.036,266.476 127.781,266.036 127.505,265.609 127.207,265.197 126.889,264.800 126.552,264.419 126.196,264.056 125.823,263.711 125.432,263.385 125.026,263.078 124.605,262.793 124.171,262.529 123.723,262.287 123.264,262.068 122.795,261.872 122.317,261.699 121.830,261.551 121.337,261.428 120.838,261.329 120.335,261.255 119.829,261.206 119.321,261.183 118.812,261.185 118.305,261.212 117.799,261.265 117.296,261.343 116.798,261.447 116.306,261.574 115.821,261.727 115.344,261.903 114.876,262.103 114.419,262.326 113.974,262.572 113.542,262.840 113.123,263.129 112.720,263.438 112.332,263.767 111.961,264.115 111.609,264.482 111.275,264.865 110.960,265.265 110.666,265.680 110.393,266.109 110.142,266.551 109.913,267.005 109.707,267.470 109.525,267.945 109.367,268.428 109.233,268.919 109.124,269.415 109.039,269.917 108.980,270.422 108.946,270.929 108.938,271.438 108.955,271.946 108.997,272.453 109.065,272.957 109.158,273.457 109.275,273.952 109.417,274.440 109.584,274.921 109.774,275.392 109.988,275.854 110.224,276.304 110.483,276.742 110.763,277.166 111.064,277.576 111.385,277.971 111.725,278.348 112.084,278.709 112.461,279.051 112.854,279.373 113.262,279.676 113.686,279.958 114.123,280.218 114.572,280.456 115.032,280.672 115.503,280.864 115.983,281.032 116.471,281.176 116.965,281.296 117.465,281.390 117.969,281.460 118.475,281.505 118.983,281.524 119.492,281.517 119.999,281.485 120.505,281.428 121.007,281.346 121.504,281.239 121.995,281.107 122.479,280.950 122.954,280.770 123.420,280.566 123.875,280.339 124.318,280.089 124.748,279.818 125.164,279.526 125.565,279.213 125.950,278.880 126.318,278.529 126.668,278.160 126.998,277.774 127.309,277.371 127.600,276.954 127.869,276.523 128.117,276.078 128.342,275.622 128.544,275.155 128.722,274.679 128.876,274.195 129.006,273.703 129.111,273.205 129.191,272.703 129.246,272.198 129.276,271.690 "/>
</g>
<g id="ID000025" >
  <g transform="translate(134.367,275.571)">
    <g transform="rotate(-0.0)">
      <text x="0.000" y="0.000" font-family="Helvetica" text-anchor="start" font-size="9pt" fill="#000000" >hoi123</text>
    </g>
  </g>
</g>
<g id="ID000026" clip-path="url(#ID000001)" >
      <polygon fill="#ffff00" fill-opacity="0.30" stroke="#000000" stroke-width="0.5pt" stroke-opacity="1.00" stroke-dasharray="none" points="129.281,271.352 129.269,270.844 129.230,270.337 129.167,269.832 129.078,269.332 128.965,268.836 128.827,268.346 128.665,267.865 128.478,267.391 128.269,266.928 128.036,266.476 127.781,266.036 127.505,265.609 127.207,265.197 126.889,264.800 126.552,264.419 126.196,264.056 125.823,263.711 125.432,263.385 125.026,263.078 124.605,262.793 124.171,262.529 123.723,262.287 123.264,262.068 122.795,261.872 122.317,261.699 121.830,261.551 121.337,261.428 120.838,261.329 120.335,261.255 119.829,261.206 119.321,261.183 118.812,261.185 118.305,261.212 117.799,261.265 117.296,261.343 116.798,261.447 116.306,261.574 115.821,261.727 115.344,261.903 114.876,262.103 114.419,262.326 113.974,262.572 113.542,262.840 113.123,263.129 112.720,263.438 112.332,263.767 111.961,264.115 111.609,264.482 111.275,264.865 110.960,265.265 110.666,265.680 110.393,266.109 110.142,266.551 109.913,267.005 109.707,267.470 109.525,267.945 109.367,268.428 109.233,268.919 109.124,269.415 109.039,269.917 108.980,270.422 108.946,270.929 108.938,271.438 108.955,271.946 108.997,272.453 109.065,272.957 109.158,273.457 109.275,273.952 109.417,274.440 109.584,274.921 109.774,275.392 109.988,275.854 110.224,276.304 110.483,276.742 110.763,277.166 111.064,277.576 111.385,277.971 111.725,278.348 112.084,278.709 112.461,279.051 112.854,279.373 113.262,279.676 113.686,279.958 114.123,280.218 114.572,280.456 115.032,280.672 115.503,280.864 115.983,281.032 116.471,281.176 116.965,281.296 117.465,281.390 117.969,281.460 118.475,281.505 118.983,281.524 119.492,281.517 119.999,281.485 120.505,281.428 121.007,281.346 121.504,281.239 121.995,281.107 122.479,280.950 122.954,280.770 123.420,280.566 123.875,280.339 124.318,280.089 124.748,279.818 125.164,279.526 125.565,279.213 125.950,278.880 126.318,278.529 126.668,278.160 126.998,277.774 127.309,277.371 127.600,276.954 127.869,276.523 128.117,276.078 128.342,275.622 128.544,275.155 128.722,274.679 128.876,274.195 129.006,273.703 129.111,273.205 129.191,272.703 129.246,272.198 129.276,271.690 "/>
</g>
<g id="ID000027" >
</g>
<g id="ID000028" clip-path="url(#ID000001)" >
      <polygon fill="#00ffff" fill-opacity="0.30" stroke="#000000" stroke-width="0.5pt" stroke-opacity="1.00" stroke-dasharray="none" points="129.281,271.352 129.269,270.844 129.230,270.337 129.167,269.832 129.078,269.332 128.965,268.836 128.827,268.346 128.665,267.865 128.478,267.391 128.269,266.928 128.036,266.476 127.781,266.036 127.505,265.609 127.207,265.197 126.889,264.800 126.552,264.419 126.196,264.056 125.823,263.711 125.432,263.385 125.026,263.078 124.605,262.793 124.171,262.529 123.723,262.287 123.264,262.068 122.795,261.872 122.317,261.699 121.830,261.551 121.337,261.428 120.838,261.329 120.335,261.255 119.829,261.206 119.321,261.183 118.812,261.185 118.305,261.212 117.799,261.265 117.296,261.343 116.798,261.447 116.306,261.574 115.821,261.727 115.344,261.903 114.876,262.103 114.419,262.326 113.974,262.572 113.542,262.840 113.123,263.129 112.720,263.438 112.332,263.767 111.961,264.115 111.609,264.482 111.275,264.865 110.960,265.265 110.666,265.680 110.393,266.109 110.142,266.551 109.913,267.005 109.707,267.470 109.525,267.945 109.367,268.428 109.233,268.919 109.124,269.415 109.039,269.917 108.980,270.422 108.946,270.929 108.938,271.438 108.955,271.946 108.997,272.453 109.065,272.957 109.158,273.457 109.275,273.952 109.417,274.440 109.584,274.921 109.774,275.392 109.988,275.854 110.224,276.304 110.483,276.742 110.763,277.166 111.064,277.576 111.385,277.971 111.725,278.348 112.084,278.709 112.461,279.051 112.854,279.373 113.262,279.676 113.686,279.958 114.123,280.218 114.572,280.456 115.032,280.672 115.503,280.864 115.983,281.032 116.471,281.176 116.965,281.296 117.465,281.390 117.969,281.460 118.475,281.505 118.983,281.524 119.492,281.517 119.999,281.485 120.505,281.428 121.007,281.346 121.504,281.239 121.995,281.107 122.479,280.950 122.954,280.770 123.420,280.566 123.875,280.339 124.318,280.089 124.748,279.818 125.164,279.526 125.565,279.213 125.950,278.880 126.318,278.529 126.668,278.160 126.998,277.774 127.309,277.371 127.600,276.954 127.869,276.523 128.117,276.078 128.342,275.622 128.544,275.155 128.722,274.679 128.876,274.195 129.006,273.703 129.111,273.205 129.191,272.703 129.246,272.198 129.276,271.690 "/>
</g>
<g id="ID000029" >
</g>
    </g>
  </g>
  </g>
</svg>
